AIRL Training Log - Started at 2026-02-18 22:03:19
Arguments: Namespace(min_lights=8, max_lights=8, simple_layout=True, max_n_peaks=3, max_hue_similarity=3, d_model=64, nhead=4, num_layers=3, pretrained_path='bc_latest.pth', iterations=200, expert_trajs_per_iter=50, policy_steps_per_iter=1000, disc_updates=5, policy_updates=10, batch_size=64, lr=0.0001, aux_weight=0.1, clip_epsilon=0.2, value_coef=0.5, entropy_coef=0.01, max_grad_norm=1.0, seed=42, no_cuda=False, use_bc_loss=True, bc_coef=0.1, use_her=True, her_in_expert=True, her_in_bc=True, her_ratio=0.2, lr_scheduler='step', lr_step_size=50, lr_gamma=0.5, lr_min=5e-06, best_save_path='airl_best.pth', latest_save_path='airl_latest.pth', log_file='airl_log.txt')
Iter	Disc Loss	Policy Loss	Avg Reward	Avg Hue L1	Avg Value L1
1	1.630475	5.981522	-0.424198	0.003311	0.011084
2	1.624699	1.941672	-0.284675	0.003398	0.008836
3	1.594457	2.218378	-0.310510	0.003858	0.008637
4	1.621825	2.237993	-0.307527	0.003702	0.008291
5	1.625391	2.028455	-0.335537	0.003150	0.008998
6	1.621847	2.866203	-0.370458	0.003293	0.007621
7	1.575584	2.791651	-0.415997	0.002848	0.009445
8	1.676364	2.560356	-0.384538	0.003401	0.009444
9	1.554669	1.271318	-0.346702	0.003710	0.011011
10	1.663401	1.662472	-0.386012	0.002650	0.009871
11	1.658631	1.919553	-0.472795	0.003356	0.009283
12	1.545798	3.615782	-0.493094	0.003876	0.009904
13	1.594008	2.206968	-0.439858	0.003471	0.010022
14	1.577990	0.949024	-0.344894	0.003388	0.014096
15	1.517469	0.744077	-0.241912	0.003330	0.010451
16	1.539917	0.885675	-0.317119	0.002866	0.012136
17	1.471725	2.323031	-0.454227	0.003614	0.012332
18	1.626772	6.230856	-0.599129	0.003322	0.011177
19	1.535190	12.265880	-0.714921	0.003239	0.011412
20	1.681822	4.253401	-0.650849	0.002400	0.013031
21	1.574663	3.319610	-0.626339	0.003038	0.012159
22	1.514753	2.596560	-0.466493	0.003429	0.011170
23	1.531063	1.325393	-0.373289	0.003052	0.012523
24	1.508797	2.690443	-0.481875	0.003071	0.011201
25	1.560539	2.909497	-0.557649	0.003195	0.012006
26	1.570328	7.287265	-0.624382	0.003234	0.012074
27	1.525906	4.183895	-0.584310	0.002805	0.012330
28	1.418641	3.923366	-0.734423	0.003265	0.011030
29	1.455471	8.993986	-0.834031	0.002890	0.013221
30	1.486417	15.083601	-0.961210	0.002902	0.013619
31	1.471357	15.397770	-1.047875	0.002949	0.010800
32	1.519750	10.026413	-1.030890	0.002607	0.012015
33	1.419484	8.722339	-0.884176	0.003510	0.011671
34	1.412159	8.032775	-0.832189	0.002913	0.012701
35	1.438320	8.853846	-0.942481	0.003199	0.013662
36	1.517444	17.029296	-0.944895	0.002488	0.009799
37	1.525792	18.668516	-0.959038	0.002866	0.015944
38	1.435541	7.747144	-0.675237	0.002297	0.012390
39	1.440934	5.226751	-0.365980	0.002413	0.013116
40	1.462375	5.639999	-0.636855	0.003056	0.010685
41	1.440801	8.907556	-0.712295	0.003006	0.013467
42	1.441666	7.747178	-0.858150	0.003159	0.011690
43	1.489845	13.277316	-0.931269	0.002822	0.013093
44	1.377448	8.452619	-0.806507	0.002872	0.015691
45	1.359782	16.642493	-1.058235	0.002279	0.011908
46	1.362801	11.588547	-1.161209	0.003125	0.014454
47	1.314651	21.844325	-1.262909	0.003129	0.014516
48	1.330593	23.953981	-1.381094	0.002319	0.014842
49	1.240671	21.795373	-1.376095	0.002953	0.011190
50	1.448581	59.404926	-1.838925	0.002965	0.012147
51	1.669376	40.742471	-2.034914	0.002903	0.013856
52	1.576602	29.175591	-1.851690	0.002742	0.015442
53	1.279079	28.633596	-1.563102	0.002504	0.015108
54	1.283910	23.583571	-1.370010	0.002272	0.015340
55	1.399069	23.756253	-1.332704	0.002867	0.012529
56	1.289815	20.690679	-1.245649	0.003096	0.012320
57	1.396971	23.553780	-1.402930	0.002918	0.014094
58	1.331705	19.260431	-1.139536	0.002777	0.015899
59	1.235021	19.338402	-1.185215	0.002282	0.015699
60	1.219766	17.995857	-1.454182	0.002504	0.012372
61	1.372838	26.969847	-1.576806	0.002849	0.014558
62	1.302476	31.985452	-1.727489	0.002849	0.010663
63	1.324828	34.400900	-1.732582	0.002792	0.012817
64	1.310099	26.860414	-1.846279	0.002786	0.012120
65	1.368116	40.456057	-1.896936	0.002762	0.011886
66	1.487488	51.977387	-1.929548	0.002362	0.011691
67	1.516660	52.891608	-1.733446	0.002862	0.012635
68	1.305590	28.853804	-1.633564	0.002492	0.014437
69	1.299251	37.719253	-1.625057	0.002506	0.012211
70	1.308851	30.343557	-1.478770	0.002827	0.011716
71	1.295282	25.873190	-1.564805	0.002463	0.009846
72	1.482627	38.395023	-1.635632	0.002784	0.011672
73	1.344072	23.593019	-1.451562	0.002961	0.012139
74	1.567635	51.661276	-1.703445	0.002684	0.011918
75	1.489127	18.985398	-1.370831	0.003746	0.012222
76	1.328996	20.323001	-1.292989	0.002371	0.011807
77	1.331167	20.066213	-1.123638	0.002847	0.013889
78	1.339754	18.589383	-1.269544	0.002764	0.010415
79	1.318009	18.866743	-1.335413	0.002940	0.011416
80	1.272789	24.891849	-1.502659	0.003207	0.012440
81	1.257586	21.897749	-1.680020	0.002819	0.014402
82	1.374950	34.138083	-1.921722	0.002755	0.012336
83	1.354355	31.247767	-1.772485	0.003164	0.009708
84	1.291565	25.620045	-1.755465	0.002943	0.010820
85	1.513728	42.090055	-2.016832	0.003121	0.010506
86	1.286246	38.575208	-1.834836	0.003355	0.013234
87	1.277280	33.734111	-1.881041	0.003577	0.012961
88	1.382304	39.000107	-1.958377	0.002990	0.012627
89	1.397277	38.473722	-1.865470	0.002516	0.014742
90	1.292355	32.495542	-1.785807	0.002556	0.014666
91	1.344425	43.376153	-1.745251	0.002577	0.012519
92	1.475245	35.881786	-1.492611	0.003370	0.012382
93	1.317961	31.730630	-1.531697	0.003292	0.012361
94	1.331762	26.871887	-1.424491	0.002700	0.013244
95	1.370190	26.121037	-1.654589	0.003105	0.013509
96	1.256372	27.124070	-1.408035	0.003280	0.014649
97	1.410546	18.651727	-1.140795	0.003150	0.013177
98	1.320954	17.959653	-1.132340	0.003155	0.014047
99	1.311225	13.793981	-1.012932	0.002912	0.013470
100	1.269906	16.307632	-1.299254	0.003354	0.011646
101	1.255016	39.080937	-1.623979	0.002725	0.013414
102	1.208628	33.382548	-1.807573	0.003210	0.015096
103	1.409951	75.253209	-2.039234	0.003135	0.011145
104	1.303841	48.058776	-2.156442	0.003454	0.013699
105	1.317051	70.856909	-1.966625	0.002210	0.012903
106	1.329497	47.758160	-2.057408	0.002750	0.013475
107	1.361921	46.563709	-2.161860	0.003385	0.015646
108	1.258935	39.035495	-1.885382	0.003349	0.013692
109	1.351535	31.258309	-1.808287	0.002566	0.014882
110	1.361577	21.312939	-1.527739	0.002797	0.012791
111	1.349490	35.842865	-1.613242	0.002683	0.012257
112	1.307418	28.239635	-1.518909	0.002961	0.014599
113	1.311434	32.502972	-1.506008	0.003113	0.013668
114	1.380466	23.462723	-1.514313	0.002747	0.014008
115	1.320734	24.466336	-1.383207	0.003222	0.012006
116	1.270359	21.980022	-1.030207	0.002654	0.012010
117	1.290948	21.090497	-1.303438	0.003564	0.013184
118	1.297212	16.156021	-1.248908	0.002896	0.011583
119	1.388346	18.912975	-1.227056	0.003186	0.012023
120	1.327938	19.950167	-1.155645	0.003180	0.010102
121	1.284023	18.548629	-1.000824	0.003199	0.011516
122	1.315506	15.384480	-0.986188	0.003315	0.009241
123	1.280845	24.986883	-1.280847	0.002448	0.014108
124	1.445216	29.987159	-1.258270	0.002797	0.011740
125	1.366640	14.551913	-0.955740	0.003407	0.010535
126	1.374508	16.058754	-1.016858	0.002877	0.012884
127	1.394686	12.802157	-0.851472	0.003386	0.012414
128	1.356859	12.350309	-0.534814	0.004005	0.012206
129	1.408842	10.661397	-0.150887	0.003692	0.010895
130	1.491392	15.425603	0.218657	0.002417	0.013414
131	1.475665	19.751865	0.427171	0.003850	0.012763
132	1.692966	22.225106	0.687429	0.003978	0.010945
133	1.650699	27.081151	0.987622	0.003794	0.011289
134	1.665471	25.529582	1.097680	0.002518	0.008542
135	1.662900	27.904182	1.211574	0.002952	0.010428
136	1.681549	35.302762	1.394837	0.002968	0.015082
137	1.804310	24.330125	1.253139	0.003198	0.009594
138	1.738345	7.450219	0.909900	0.002595	0.013849
139	1.669412	3.714595	0.630374	0.003210	0.011854
140	1.643468	2.050475	0.297300	0.002559	0.015797
141	1.630119	2.951372	0.165183	0.002911	0.013657
142	1.590877	2.580504	0.032946	0.003073	0.013800
143	1.573257	2.926146	-0.139280	0.003298	0.014431
144	1.493959	3.008364	-0.170886	0.003006	0.014801
145	1.538784	2.193364	-0.220044	0.003192	0.013128
146	1.576108	3.418031	-0.292673	0.003853	0.012526
147	1.585064	5.265441	-0.480186	0.003840	0.014260
148	1.602009	9.928149	-0.716495	0.003143	0.014482
149	1.608295	20.164069	-1.037386	0.002918	0.012664
150	1.622685	25.995399	-1.283710	0.004015	0.008697
151	1.738709	33.617605	-1.473867	0.003408	0.014177
152	1.650131	32.749955	-1.539213	0.003280	0.015281
153	1.537085	46.280540	-1.557704	0.003051	0.012939
154	1.583444	39.612708	-1.686248	0.004455	0.014096
155	1.494327	33.777102	-1.721266	0.002416	0.013282
156	1.550162	36.343402	-1.710138	0.004860	0.011892
157	1.673272	35.737304	-1.736209	0.004166	0.014766
158	1.590200	28.002236	-1.762398	0.003937	0.013451
159	1.583304	36.019846	-1.688854	0.004290	0.012215
160	1.436866	25.329476	-1.641121	0.004016	0.015473
161	1.502208	17.964455	-1.565685	0.003395	0.012211
162	1.432296	26.896306	-1.452834	0.003566	0.011120
163	1.519599	27.401145	-1.400259	0.003333	0.011039
164	1.506527	17.861937	-1.349573	0.003352	0.012340
165	1.393899	15.421846	-1.151755	0.003493	0.015278
166	1.362924	17.060612	-1.146882	0.003662	0.012951
167	1.397338	18.897061	-0.943943	0.003793	0.014037
168	1.360479	14.848944	-0.854311	0.003392	0.016380
169	1.397683	12.903312	-0.789935	0.003182	0.013192
170	1.358663	11.805619	-0.565384	0.003497	0.012958
171	1.385732	8.184272	-0.418617	0.003289	0.013429
172	1.323055	7.747838	-0.370646	0.003184	0.009116
173	1.306203	10.615362	-0.370622	0.003500	0.012330
174	1.435290	10.047427	-0.240049	0.003004	0.010781
175	1.341107	13.548835	-0.026870	0.003357	0.012380
176	1.436308	12.637304	0.115289	0.002804	0.014546
177	1.322703	13.369160	0.097086	0.003067	0.014658
178	1.450880	9.827056	0.204632	0.003448	0.011881
179	1.435525	12.821552	0.310485	0.002979	0.009322
180	1.550884	10.083084	0.352607	0.002734	0.012066
181	1.402784	13.380430	0.428364	0.002963	0.013579
182	1.455128	11.616155	0.466025	0.003541	0.013179
183	1.559636	13.936271	0.631573	0.004112	0.013790
184	1.458243	15.727464	0.733095	0.003670	0.013946
185	1.574576	19.392818	0.801509	0.002561	0.009399
186	1.510529	16.114285	0.801978	0.003700	0.011439
187	1.538939	16.273709	0.930938	0.002816	0.009945
188	1.542264	18.322699	0.958693	0.002692	0.014661
189	1.564165	16.678730	0.909745	0.003104	0.012387
190	1.434075	14.455833	0.910487	0.003205	0.012841
191	1.543845	14.000229	0.974215	0.002670	0.008566
192	1.547445	13.178808	0.987333	0.002990	0.011336
193	1.512954	7.641119	0.964443	0.002932	0.011470
194	1.446353	10.100418	0.869282	0.002722	0.011260
195	1.536803	8.026305	0.851634	0.002878	0.009818
196	1.549168	4.240276	0.736629	0.002934	0.010414
197	1.532975	4.478176	0.666517	0.002692	0.009550
198	1.496214	2.577829	0.567093	0.003174	0.009119
199	1.421300	1.742855	0.507839	0.003127	0.012213
200	1.422154	1.434460	0.389905	0.002731	0.012818
Training finished at 2026-02-19 00:03:42
