AIRL+GRPO Training Log - Started at 2026-02-19 10:34:54
Arguments: Namespace(min_lights=8, max_lights=8, simple_layout=True, max_n_peaks=3, max_hue_similarity=3, d_model=64, nhead=4, num_layers=3, pretrained_path='bc_latest.pth', iterations=200, expert_trajs_per_iter=50, num_prompts=32, group_size=8, disc_updates=5, batch_size=64, lr=0.0001, aux_weight=0.1, clip_epsilon=0.2, entropy_coef=0.01, max_grad_norm=1.0, seed=42, no_cuda=False, use_bc_loss=True, bc_coef=0.1, use_her=True, her_in_expert=True, her_in_bc=True, her_ratio=0.2, lr_scheduler='step', lr_step_size=50, lr_gamma=0.5, lr_min=5e-06, best_save_path='airl_grpo_best.pth', latest_save_path='airl_grpo_latest.pth', log_file='airl_grpo_log.txt')
Iter	Disc Loss	Policy Loss	Avg Reward	Avg Hue L1	Avg Value L1
1	1.681672	0.045879	-0.278916	0.003007	0.011073
2	1.602385	0.206224	-0.089494	0.004290	0.013030
3	1.662165	0.148437	-0.093734	0.003693	0.008457
4	1.592093	0.270096	-0.116110	0.003360	0.007390
5	1.598340	0.201790	-0.097629	0.003433	0.008405
6	1.618965	0.221059	-0.026098	0.004295	0.008664
7	1.543487	0.151984	-0.044469	0.003413	0.011524
8	1.597222	0.136901	-0.011295	0.003759	0.009284
9	1.641542	0.054790	-0.042886	0.002865	0.009991
10	1.520788	0.100687	-0.107462	0.003120	0.010733
11	1.581278	-0.082344	-0.094721	0.003527	0.009465
12	1.626422	0.080587	-0.067026	0.003488	0.009299
13	1.574030	-0.089162	-0.103462	0.004501	0.009788
14	1.573031	0.059641	-0.070246	0.003829	0.008950
15	1.585616	0.210822	-0.048486	0.003877	0.011605
16	1.509332	0.234423	0.004852	0.003334	0.010907
17	1.573925	0.081397	-0.058063	0.003852	0.011137
18	1.516139	0.098835	-0.026097	0.003993	0.010023
19	1.580528	0.153626	-0.070806	0.003205	0.010705
20	1.589475	0.133771	-0.213387	0.004036	0.010660
21	1.522524	0.095083	-0.147162	0.003361	0.012065
22	1.501970	-0.006625	-0.071070	0.003000	0.009050
23	1.639101	0.038042	-0.106050	0.003336	0.011523
24	1.558055	0.022777	-0.104217	0.002988	0.012829
25	1.521159	0.081773	-0.204193	0.003075	0.009195
26	1.527490	0.275190	-0.192125	0.003875	0.012317
27	1.510222	0.265487	-0.134088	0.003039	0.009490
28	1.487176	0.059459	-0.151931	0.002935	0.008747
29	1.465370	0.186077	-0.120442	0.003181	0.011773
30	1.465356	0.159424	-0.146540	0.003495	0.010302
31	1.554582	0.215912	-0.179469	0.003708	0.008180
32	1.591316	0.063599	-0.151287	0.003482	0.006680
33	1.521104	0.173230	-0.260561	0.003291	0.010682
34	1.545124	0.152031	-0.202600	0.003190	0.010430
35	1.527783	0.202067	-0.240552	0.003126	0.008144
36	1.544485	0.200781	-0.233818	0.003155	0.010352
37	1.611218	0.225908	-0.309662	0.003342	0.007357
38	1.507995	0.039731	-0.223310	0.003791	0.011145
39	1.519689	0.139426	-0.263048	0.003425	0.009164
40	1.508134	0.057322	-0.193067	0.002874	0.011040
41	1.452131	0.164908	-0.342699	0.003090	0.008895
42	1.592535	0.240418	-0.282700	0.003083	0.008363
43	1.520393	0.238728	-0.315712	0.002509	0.011557
44	1.479491	0.244434	-0.304671	0.003046	0.011544
45	1.484062	0.049417	-0.185628	0.002897	0.009139
46	1.504891	0.183470	-0.168478	0.003271	0.012389
47	1.524843	0.129292	-0.491685	0.003277	0.008283
48	1.516172	0.318177	-0.319426	0.002656	0.009804
49	1.452149	0.279669	-0.349845	0.003105	0.011053
50	1.493021	0.250280	-0.247045	0.002980	0.008074
51	1.458966	0.175130	-0.295476	0.002433	0.009943
52	1.477546	0.179254	-0.295528	0.002792	0.006986
53	1.444525	0.091895	-0.320379	0.003445	0.010028
54	1.425620	0.252282	-0.404464	0.003289	0.012107
55	1.440469	-0.065331	-0.498787	0.003116	0.010568
56	1.444171	0.356842	-0.362921	0.002865	0.012976
57	1.462284	-0.054746	-0.351428	0.003934	0.010770
58	1.419870	0.306860	-0.405049	0.002977	0.010559
59	1.458836	0.148626	-0.558121	0.002645	0.010758
60	1.477518	0.020531	-0.371799	0.002190	0.008701
61	1.454235	0.010275	-0.330082	0.003156	0.008736
62	1.520696	0.395576	-0.372827	0.002614	0.010669
63	1.399993	0.147074	-0.453077	0.003281	0.008380
64	1.425860	0.004205	-0.423455	0.002613	0.011349
65	1.421314	0.145532	-0.466995	0.002989	0.010277
66	1.446313	0.166795	-0.482781	0.002447	0.009847
67	1.467871	0.050044	-0.542343	0.002810	0.011372
68	1.459998	0.181214	-0.543672	0.002882	0.011239
69	1.395063	0.205183	-0.525700	0.003087	0.011511
70	1.425201	0.286285	-0.431232	0.002971	0.012939
71	1.488245	0.162091	-0.362235	0.002883	0.011030
72	1.428198	0.140743	-0.587992	0.003160	0.010794
73	1.450343	0.087143	-0.435344	0.002751	0.011961
74	1.455201	0.134679	-0.599927	0.003119	0.011842
75	1.424073	0.067276	-0.668466	0.002949	0.010835
76	1.464749	0.135070	-0.406994	0.002574	0.008840
77	1.452853	0.012479	-0.406857	0.002733	0.009422
78	1.419369	0.004452	-0.528797	0.003031	0.011620
79	1.396175	0.318931	-0.483431	0.002593	0.011599
80	1.445017	0.207030	-0.457607	0.002575	0.011881
81	1.398233	0.229586	-0.438639	0.003330	0.011617
82	1.381369	0.172636	-0.585670	0.003381	0.008352
83	1.361366	0.153968	-0.446700	0.002957	0.013035
84	1.373024	0.349174	-0.657671	0.003349	0.010406
85	1.394607	0.128761	-0.478103	0.003148	0.013216
86	1.412468	0.211560	-0.189564	0.002549	0.011978
87	1.462153	0.130655	-0.534003	0.003124	0.013457
88	1.397865	0.306597	-0.510243	0.002993	0.012118
89	1.368647	0.169355	-0.571893	0.002584	0.011000
90	1.436230	0.228299	-0.539417	0.003100	0.009249
91	1.274051	0.109574	-0.650500	0.002829	0.012242
92	1.486873	0.038304	-0.672261	0.003437	0.012683
93	1.391671	0.291655	-0.514480	0.002781	0.011625
94	1.340838	0.214091	-0.756205	0.003439	0.012248
95	1.362967	0.201786	-0.579440	0.003144	0.011354
96	1.371800	0.292999	-0.516723	0.003134	0.011338
97	1.448396	0.236483	-0.566985	0.002747	0.010575
98	1.368241	0.118844	-0.658040	0.002910	0.012096
99	1.455523	0.187220	-0.407749	0.003595	0.013265
100	1.434712	0.061982	-0.400969	0.003158	0.013028
101	1.420260	-0.036675	-0.540597	0.003120	0.010389
102	1.461933	0.129869	-0.688552	0.003991	0.011179
103	1.376378	0.278033	-0.680275	0.003421	0.011516
104	1.449194	0.088672	-0.641199	0.003149	0.010491
105	1.453957	0.252405	-0.533657	0.003578	0.009058
106	1.336634	0.098129	-0.871187	0.003190	0.010746
107	1.459977	-0.033540	-0.736388	0.003121	0.011390
108	1.414150	0.148193	-0.486323	0.003315	0.009954
109	1.393260	0.071619	-0.506170	0.002882	0.010510
110	1.409917	0.300848	-0.746661	0.002637	0.010380
111	1.320034	0.125324	-0.735494	0.003485	0.009390
112	1.425535	0.183730	-0.399017	0.003229	0.010962
113	1.340866	0.003217	-0.614617	0.002458	0.009274
114	1.407931	0.106095	-0.811632	0.002748	0.010336
115	1.260625	0.138677	-0.764477	0.002568	0.010580
116	1.403268	0.129177	-0.614831	0.002798	0.009836
117	1.411297	0.257324	-0.558228	0.003432	0.009808
118	1.415353	0.096200	-0.457209	0.002512	0.012720
119	1.390351	0.127131	-0.643131	0.003008	0.011480
120	1.385391	0.061450	-0.659857	0.003192	0.013868
121	1.426916	0.134009	-0.631943	0.003229	0.010516
122	1.431809	0.245673	-0.653692	0.003941	0.009793
123	1.368063	0.136508	-0.666605	0.003382	0.010544
124	1.437345	0.134792	-0.611348	0.002999	0.010570
125	1.378166	0.161560	-0.706748	0.002557	0.009409
126	1.393128	0.333466	-0.591711	0.002964	0.013009
127	1.362687	0.533331	-0.743152	0.002940	0.009317
128	1.328091	0.014428	-0.773501	0.002568	0.009372
129	1.468439	0.210537	-0.607893	0.002989	0.012421
130	1.408247	0.174249	-0.760608	0.002369	0.012334
131	1.375329	0.288930	-0.825768	0.003327	0.012291
132	1.395517	0.098819	-0.644572	0.002746	0.012649
133	1.367776	0.146112	-0.525371	0.003126	0.010558
134	1.366106	0.117885	-0.664317	0.002899	0.012166
135	1.373357	0.371689	-0.693187	0.003519	0.010068
136	1.369865	0.063805	-0.420072	0.002392	0.012684
137	1.377750	0.161581	-0.583917	0.002392	0.010563
138	1.388364	0.167783	-0.617955	0.002849	0.010895
139	1.376777	-0.089340	-0.634415	0.002889	0.014411
140	1.412768	0.078207	-0.709742	0.002291	0.009374
141	1.394889	0.153360	-0.673998	0.003243	0.012522
142	1.404907	0.245222	-0.549585	0.003030	0.010187
143	1.460932	0.145777	-0.571762	0.003624	0.011690
144	1.423519	-0.032699	-0.531662	0.003107	0.011632
145	1.369405	0.100906	-0.508480	0.002443	0.012372
146	1.338506	0.250356	-0.735633	0.002597	0.012009
147	1.434477	0.116577	-0.552737	0.002440	0.010667
148	1.294107	0.223975	-0.721679	0.003174	0.012757
149	1.280403	0.335605	-0.667369	0.003419	0.009678
150	1.363355	0.279754	-0.694727	0.002184	0.011557
151	1.271783	-0.082453	-0.808819	0.002506	0.010747
152	1.362584	0.105224	-0.705751	0.003169	0.010618
153	1.379773	0.111333	-0.720046	0.002561	0.012545
154	1.381832	0.161341	-0.803733	0.003344	0.009169
155	1.380680	0.236501	-0.610726	0.002662	0.012146
156	1.276253	0.200249	-0.738668	0.002713	0.011653
157	1.391712	0.079555	-0.952684	0.003112	0.008886
158	1.267665	0.168272	-0.841910	0.002911	0.009709
159	1.397314	0.073489	-0.839660	0.003122	0.012055
160	1.409015	0.098141	-0.568829	0.003556	0.013216
161	1.463068	-0.124763	-0.485450	0.002730	0.011649
162	1.378271	0.123150	-0.885605	0.002902	0.010836
163	1.386241	0.126070	-0.892344	0.002928	0.011123
164	1.325569	0.081973	-0.625470	0.002867	0.010063
165	1.309287	0.129997	-0.833288	0.002546	0.007719
166	1.369649	0.420395	-0.546663	0.002461	0.011479
167	1.376927	0.021124	-0.741751	0.002886	0.011147
168	1.416780	0.461611	-0.946634	0.003204	0.011474
169	1.400903	0.239878	-0.461954	0.003393	0.009799
170	1.400736	0.077357	-0.798798	0.002862	0.009595
171	1.283231	0.252805	-0.740696	0.002717	0.011250
172	1.385386	0.266225	-0.683354	0.002741	0.013893
173	1.407799	0.069080	-0.557847	0.002460	0.009413
174	1.371468	0.005921	-0.776584	0.002761	0.012636
175	1.266123	0.187188	-0.848970	0.002980	0.013768
176	1.454275	0.179573	-0.647118	0.002656	0.012122
177	1.337754	0.341312	-0.654691	0.003024	0.012732
178	1.429065	0.133733	-0.535703	0.002826	0.011509
179	1.407629	0.182876	-0.534972	0.002266	0.010038
180	1.347949	0.173581	-0.758709	0.002908	0.012537
181	1.435919	0.226036	-0.451847	0.003582	0.012121
182	1.341805	0.203678	-0.789188	0.002233	0.010325
183	1.301290	0.057521	-0.730967	0.002820	0.010451
184	1.387294	0.197037	-0.882434	0.002485	0.011401
185	1.317100	0.223196	-0.747720	0.002427	0.010657
186	1.360580	0.049569	-0.688719	0.003133	0.010605
187	1.388635	0.239915	-0.634380	0.002729	0.011670
188	1.385492	0.051179	-0.564865	0.003478	0.012632
189	1.349847	0.199050	-0.831990	0.002449	0.012649
190	1.371697	0.282964	-0.970288	0.002914	0.009500
191	1.444019	0.001731	-0.580479	0.003162	0.012328
192	1.420213	0.380173	-0.672096	0.002834	0.011929
193	1.292379	0.151364	-0.653639	0.002930	0.011745
194	1.339519	0.095040	-0.721711	0.002870	0.012705
195	1.323800	0.001401	-0.876929	0.002784	0.013688
196	1.356471	0.146323	-0.814282	0.002814	0.011271
197	1.387327	0.158055	-0.673222	0.002532	0.012151
198	1.361334	0.153118	-0.923665	0.002772	0.012551
199	1.400581	0.236678	-0.752841	0.002525	0.013308
200	1.330012	0.225413	-0.984170	0.002414	0.011715
Training finished at 2026-02-19 15:20:54
