GRPO Finetuning Log - Started at 2026-02-19 15:34:01
Arguments: Namespace(min_lights=8, max_lights=8, simple_layout=True, max_n_peaks=3, max_hue_similarity=3, d_model=64, nhead=4, num_layers=3, pretrained_path='airl_grpo_latest.pth', iterations=500, num_prompts=32, group_size=8, policy_updates=10, batch_size=64, lr=0.0001, clip_epsilon=0.2, entropy_coef=0.01, max_grad_norm=1.0, seed=42, no_cuda=False, use_bc_loss=True, bc_coef=0.1, expert_trajs_per_iter=20, use_her=True, her_in_bc=True, her_ratio=0.2, lr_scheduler='step', lr_step_size=50, lr_gamma=0.5, lr_min=5e-06, best_save_path='grpo_best.pth', latest_save_path='grpo_latest.pth', log_file='grpo_log.txt')
Iter	Policy Loss	Avg Reward	Avg Eval Reward	Avg Hue L1	Avg Value L1
1	0.028808	-0.755205	-3.008115	0.002941	0.011170
2	0.139577	-0.811666	-2.006878	0.003114	0.012217
3	0.222584	-0.720063	-5.126090	0.003141	0.010635
4	0.146520	-0.726694	-1.433439	0.002948	0.010797
5	0.191925	-0.695890	-7.532679	0.002701	0.008944
6	0.086481	-0.693900	2.033812	0.003058	0.011097
7	0.198649	-0.841137	1.719707	0.003723	0.009882
8	0.189020	-0.711440	0.559010	0.002849	0.007025
9	0.096142	-0.667783	-0.468909	0.003069	0.010917
10	0.236621	-0.754674	1.573822	0.003301	0.011165
11	0.127761	-0.745403	1.258801	0.003460	0.010546
12	0.099648	-0.463250	3.068960	0.002748	0.010491
13	0.006912	-0.862827	-1.168416	0.003119	0.012013
14	0.074127	-0.741437	2.640682	0.003306	0.010645
15	0.102689	-0.552010	-0.943620	0.003312	0.011778
16	0.017680	-0.563732	1.426419	0.002351	0.009565
17	-0.033514	-0.735513	0.919714	0.003561	0.009311
18	0.161310	-0.695008	2.408178	0.003286	0.011120
19	0.213627	-0.785336	-5.083826	0.002895	0.011099
20	0.079490	-0.663945	6.825321	0.003165	0.011249
21	0.154167	-0.687002	4.293243	0.004142	0.010843
22	0.117153	-0.515670	-0.659957	0.003426	0.009782
23	-0.026073	-0.771127	2.840815	0.003167	0.011335
24	0.276347	-0.620860	1.022965	0.003038	0.012083
25	0.258143	-0.732215	2.042850	0.003296	0.010530
26	0.154224	-0.787393	-2.829663	0.003170	0.012044
27	0.172754	-0.422448	0.576349	0.003137	0.007602
28	0.230624	-0.827845	0.289380	0.003497	0.009248
29	0.101188	-0.574542	-2.141587	0.003702	0.012957
30	-0.042632	-0.659032	1.933618	0.003098	0.007193
31	0.023795	-0.858287	-1.516651	0.002887	0.011248
32	0.272506	-0.565973	-0.013596	0.002983	0.013333
33	0.003446	-0.571724	-3.843353	0.003062	0.013574
34	-0.024949	-0.649055	-2.784070	0.002609	0.009718
35	0.100899	-0.705911	-4.345814	0.003385	0.011890
36	0.112423	-0.956171	-1.191011	0.002860	0.011162
37	0.184532	-0.632412	-4.140698	0.003264	0.014198
38	0.030428	-0.718609	-1.523180	0.003395	0.011985
39	0.083645	-0.740772	0.277800	0.002860	0.013119
40	0.031331	-0.963843	-0.867844	0.003200	0.011722
41	-0.178795	-0.769611	2.604224	0.002474	0.012900
42	0.271187	-0.711028	4.579273	0.003122	0.009115
43	0.100905	-0.813768	6.333982	0.002793	0.011048
44	0.071666	-0.500385	5.853915	0.002980	0.007170
45	0.264097	-0.454789	2.366250	0.003616	0.009616
46	0.073106	-0.408947	5.639229	0.003373	0.009715
47	0.149974	-0.740803	3.390249	0.003410	0.010097
48	0.000760	-0.691479	2.358486	0.003584	0.011349
49	-0.153209	-0.512191	0.060693	0.003385	0.009033
50	0.248518	-0.480979	3.225888	0.002942	0.012300
51	0.288389	-0.512853	1.658880	0.002913	0.008086
52	0.191080	-0.734568	5.376472	0.004115	0.006308
53	0.124525	-0.650387	-0.303386	0.003131	0.009483
54	0.146508	-0.789280	-0.298510	0.003660	0.007274
55	0.233651	-0.678474	5.293116	0.002915	0.009835
56	0.137002	-0.446495	4.868581	0.003290	0.008217
57	0.041602	-0.641763	3.549130	0.003398	0.010746
58	0.033683	-0.772236	-0.099338	0.002709	0.010422
59	0.161138	-0.495476	4.196800	0.002829	0.011423
60	0.194737	-0.480248	3.544744	0.002743	0.012320
61	0.114748	-0.521430	-1.298345	0.003329	0.010147
62	0.057205	-0.516329	-1.581241	0.003986	0.012703
63	-0.041402	-0.694503	4.071507	0.003170	0.010431
64	-0.058711	-0.401217	0.945873	0.003018	0.008169
65	0.215508	-0.394950	3.677991	0.003564	0.010709
66	0.025919	-0.701582	3.808786	0.003102	0.012346
67	0.021702	-0.482123	0.606773	0.002699	0.010792
68	0.239605	-0.253513	3.224886	0.003431	0.010776
69	0.115343	-0.626513	7.665123	0.003710	0.012321
70	-0.049664	-0.606821	-1.874265	0.003884	0.010672
71	0.167688	-1.029394	-2.387452	0.003249	0.012871
72	0.069835	-0.752775	0.805223	0.003516	0.008965
73	0.034792	-0.808203	4.397329	0.003553	0.009994
74	0.020201	-0.525052	2.344119	0.003428	0.009347
75	0.107779	-0.553777	7.107125	0.002897	0.009893
76	0.182571	-0.536596	7.002623	0.003357	0.012432
77	0.195096	-0.599738	7.039781	0.003199	0.010808
78	0.083071	-0.482794	1.192107	0.004397	0.010956
79	0.070625	-0.614963	1.096083	0.003623	0.011183
80	0.155501	-0.562932	0.350945	0.003967	0.013557
81	0.110767	-0.556035	3.407941	0.003193	0.008974
82	0.133008	-0.578788	-2.524665	0.003494	0.011502
83	0.109071	-0.502639	1.376237	0.003551	0.012561
84	0.104015	-0.563327	3.255410	0.003033	0.010605
85	0.181302	-0.717021	0.925638	0.003492	0.012652
86	0.187664	-0.462901	4.412201	0.003661	0.009995
87	0.056123	-0.554638	2.353125	0.003361	0.009247
88	-0.060093	-0.700254	4.225690	0.004026	0.009216
89	-0.056356	-0.531236	1.198837	0.003245	0.009617
90	0.216343	-0.346577	3.337707	0.003432	0.012281
91	-0.022075	-0.575314	5.784195	0.003337	0.010652
92	0.219260	-0.386369	6.659946	0.002925	0.010547
93	0.258718	-0.509258	-1.723873	0.004011	0.010681
94	0.056339	-0.338710	5.119967	0.003038	0.010839
95	0.014954	-0.309908	2.266699	0.003845	0.013232
96	-0.016692	-0.649462	7.651862	0.003714	0.012247
97	0.142300	-0.535775	0.655436	0.004064	0.013048
98	0.082948	-0.378652	8.301796	0.003218	0.012141
99	0.252443	-0.601698	3.980050	0.003074	0.013364
100	0.333984	-0.259812	3.812672	0.003524	0.009688
101	0.178808	-0.494183	2.654605	0.003744	0.009759
102	0.082338	-0.680833	1.185927	0.003638	0.012443
103	0.023895	-0.649825	1.443452	0.003746	0.009929
104	0.082271	-0.433866	0.899529	0.003367	0.013295
105	0.068180	-0.533025	0.006578	0.003582	0.010549
106	0.237525	-0.599156	4.545869	0.003242	0.013019
107	0.184523	-0.639520	0.980670	0.003268	0.009711
108	0.117061	-0.436243	2.978960	0.003434	0.010742
109	0.178154	-0.636519	4.875356	0.003609	0.011506
110	0.159398	-0.509564	1.593048	0.003649	0.009818
111	0.215834	-0.712614	2.968156	0.003560	0.011091
112	0.196850	-0.567512	5.178475	0.004205	0.011303
113	0.316165	-0.620265	6.891867	0.002998	0.013776
114	-0.088094	-0.489730	4.030837	0.003919	0.010661
115	0.071311	-0.342431	-0.870550	0.003784	0.010408
116	0.178877	-0.382424	-1.901301	0.003433	0.011466
117	-0.002491	-0.432354	6.056659	0.003110	0.009857
118	0.216370	-0.547245	7.577612	0.003086	0.009688
119	0.190482	-0.412025	1.692204	0.003427	0.010429
120	-0.026264	-0.603597	4.092887	0.002750	0.010525
121	-0.094415	-0.636479	0.642091	0.003183	0.012176
122	0.210763	-0.516430	8.475304	0.003770	0.011007
123	0.263115	-0.693903	0.836808	0.003596	0.013656
124	0.064094	-0.511700	2.078548	0.003558	0.012709
125	0.189754	-0.765417	-1.572341	0.003421	0.011846
126	-0.042410	-0.496133	5.438911	0.003334	0.010741
127	0.094929	-0.550035	2.439252	0.003457	0.012339
128	-0.014927	-0.590714	5.953875	0.002511	0.013169
129	-0.013014	-0.424244	0.032812	0.003048	0.010906
130	0.110763	-0.453501	4.127435	0.003091	0.011526
131	0.243830	-0.554246	2.076271	0.003047	0.010072
132	0.313769	-0.450453	5.191428	0.003895	0.011803
133	0.012076	-0.474141	6.486913	0.003245	0.011802
134	0.090352	-0.828250	5.288787	0.003734	0.010825
135	0.197792	-0.701923	-1.870451	0.003716	0.010602
136	-0.056642	-0.424503	1.871895	0.003669	0.010161
137	0.166851	-0.718901	0.886937	0.003096	0.008004
138	-0.102497	-0.743588	-4.942680	0.003391	0.011750
139	0.251749	-0.395660	3.419200	0.002729	0.009423
140	0.159993	-0.388998	-2.631104	0.002981	0.011182
141	0.125709	-0.421079	4.888770	0.003613	0.012352
142	0.249723	-0.545531	-0.681595	0.003355	0.010175
143	0.208538	-0.545850	1.633105	0.003305	0.007140
144	-0.034969	-0.640550	0.800796	0.002772	0.009428
145	0.192834	-0.508222	7.732725	0.003272	0.009258
146	0.028317	-0.493567	1.397346	0.003071	0.009386
147	0.152226	-0.484721	5.701844	0.002982	0.014092
148	0.151212	-0.413806	6.172752	0.003243	0.010589
149	0.025647	-0.481194	5.937955	0.003462	0.013043
150	0.023382	-0.475548	4.393126	0.003364	0.007607
151	0.139667	-0.593283	-0.646884	0.003764	0.009869
152	0.131983	-0.451263	7.062235	0.003291	0.012737
153	0.123405	-0.472967	-1.963481	0.003881	0.010264
154	0.066153	-0.181502	5.573251	0.003673	0.012461
155	0.008555	-0.500436	3.264408	0.002766	0.009824
156	0.109598	-0.534509	1.473284	0.002746	0.011230
157	0.150968	-0.465867	5.574630	0.003286	0.010133
158	0.095532	-0.665468	-0.391928	0.002887	0.010319
159	0.171256	-0.668664	3.248042	0.003566	0.010302
160	0.252657	-0.524469	-1.574689	0.003362	0.008983
161	0.022422	-0.313183	2.747868	0.003584	0.011360
162	0.064659	-0.546194	0.637174	0.003333	0.009878
163	0.150609	-0.678727	-1.127122	0.003467	0.011220
164	0.151695	-0.530750	3.784710	0.003792	0.010351
165	-0.000364	-0.311829	7.525548	0.003299	0.009074
166	-0.025906	-0.866803	5.290529	0.003689	0.011186
167	-0.192893	-0.516459	1.699207	0.002673	0.008914
168	0.247215	-0.544454	0.105523	0.003613	0.009291
169	0.061267	-0.374467	6.388929	0.002937	0.008593
170	-0.012281	-0.541038	3.532997	0.003361	0.008320
171	0.072829	-0.499421	8.144745	0.003934	0.012311
172	0.042851	-0.456890	2.957113	0.003826	0.011831
173	0.057832	-0.772840	6.259531	0.003737	0.012231
174	0.079651	-0.442241	5.102334	0.003099	0.009818
175	-0.123839	-0.521734	1.685076	0.002373	0.009501
176	0.242859	-0.482302	0.069042	0.003028	0.010432
177	0.179310	-0.618763	4.803868	0.003858	0.012535
178	-0.027475	-0.597520	3.222747	0.002403	0.009014
179	0.014507	-0.673854	4.027750	0.003311	0.012607
180	-0.072073	-0.400653	5.050074	0.003779	0.011219
181	0.096391	-0.424768	1.593381	0.002654	0.009211
182	0.100083	-0.484272	-0.534213	0.003219	0.012371
183	0.063514	-0.736302	2.169288	0.003207	0.010455
184	0.159379	-0.671574	5.652068	0.002905	0.009847
185	0.297806	-0.603796	6.745019	0.003452	0.011761
186	0.191949	-0.337516	1.015000	0.002772	0.010750
187	0.004742	-0.731793	4.971768	0.002745	0.011941
188	-0.036227	-0.561578	3.558276	0.003789	0.011566
189	0.316208	-0.501834	1.333470	0.003602	0.009401
190	0.135288	-0.629853	1.422933	0.003439	0.011393
191	0.058274	-0.296879	-1.970980	0.002476	0.008009
192	0.012270	-0.514305	-0.983388	0.003984	0.009609
193	-0.001597	-0.449652	1.886796	0.003522	0.011391
194	0.052418	-0.442039	4.922188	0.003300	0.012355
195	0.274278	-0.343899	-0.100851	0.003662	0.010065
196	0.055325	-0.872757	4.260006	0.002495	0.011920
197	0.167653	-0.666987	1.626644	0.002985	0.010057
198	-0.085017	-0.704647	-2.908340	0.003193	0.011120
199	0.183595	-0.516159	1.288016	0.003730	0.010976
200	0.038196	-0.720633	2.885825	0.003346	0.008195
201	-0.159922	-0.546088	-2.274441	0.003386	0.011139
202	0.223113	-0.573707	1.140650	0.002849	0.009986
203	0.084109	-0.652190	4.416832	0.002528	0.012523
204	0.024333	-0.695079	4.547812	0.003159	0.012320
205	0.029369	-0.595351	-1.938632	0.002853	0.009346
206	0.018562	-0.568060	3.350794	0.003003	0.013604
207	0.097850	-0.705591	2.563571	0.003795	0.012588
208	0.138864	-0.695021	1.734691	0.003767	0.011661
209	0.089623	-0.569361	-0.774384	0.003217	0.010609
210	0.167894	-0.334394	3.593032	0.003680	0.011979
211	0.228909	-0.613756	1.803279	0.003824	0.012282
212	0.227211	-0.525171	4.871938	0.003178	0.009680
213	0.397257	-0.434709	-2.453004	0.003428	0.009226
214	0.046513	-0.519370	0.901691	0.003058	0.011017
215	0.043544	-0.534995	5.735755	0.003067	0.010447
216	0.119627	-0.631827	7.307587	0.003341	0.012725
217	0.195450	-0.523363	4.159569	0.003687	0.008867
218	0.031648	-0.201745	2.774196	0.002824	0.011446
219	0.000210	-0.547861	-1.875243	0.003235	0.009980
220	0.170290	-0.668718	-4.070675	0.003105	0.008934
221	0.110052	-0.357492	5.664157	0.002850	0.010334
222	0.127894	-0.428393	0.722329	0.002634	0.010263
223	0.141008	-0.621591	-0.573608	0.002812	0.013149
224	0.068183	-0.438286	2.378690	0.002830	0.008554
225	0.100689	-0.378560	-3.150772	0.002589	0.010153
226	0.169612	-0.479056	-1.701922	0.002743	0.011529
227	0.360821	-0.229524	-3.344967	0.003381	0.011742
228	0.085114	-0.829215	-1.086738	0.003153	0.010611
229	0.152266	-0.675340	3.499260	0.002900	0.011886
230	0.043726	-0.468061	3.849836	0.003565	0.010782
231	0.290641	-0.612474	-0.299552	0.004049	0.010811
232	-0.041306	-0.522179	3.945351	0.002821	0.010384
233	0.003248	-0.560050	3.517359	0.003562	0.009428
234	0.133837	-0.657139	3.155599	0.003652	0.010447
235	-0.112380	-0.557078	6.101370	0.003469	0.011216
236	0.252698	-0.835183	6.821482	0.003245	0.012934
237	0.249667	-0.534688	1.747428	0.003635	0.008416
238	0.043927	-0.551107	0.370001	0.003162	0.009149
239	0.228410	-0.464420	2.789578	0.002692	0.010928
240	0.025220	-0.616759	5.938145	0.003331	0.010776
241	-0.017948	-0.715968	8.225782	0.003456	0.010388
242	0.042966	-0.400568	0.375566	0.003109	0.010207
243	0.124742	-0.401186	2.132921	0.002693	0.012666
244	0.156878	-0.557498	1.650884	0.003819	0.009636
245	-0.044396	-0.429264	-1.140532	0.003691	0.008959
246	0.223635	-0.488956	5.456042	0.003468	0.012998
247	0.303922	-0.405879	0.283445	0.003027	0.010790
248	0.185840	-0.542815	1.029225	0.003589	0.012264
249	0.111964	-0.623469	9.339438	0.002591	0.012448
250	0.057746	-0.481480	-0.837698	0.002710	0.012007
251	0.201616	-0.865374	3.843998	0.003634	0.011744
252	0.212979	-0.394122	-0.461588	0.004006	0.008675
253	0.251077	-0.411542	6.463442	0.002798	0.011286
254	0.199875	-0.546944	-0.867300	0.003638	0.010022
255	0.254127	-0.406193	5.536033	0.003025	0.009809
256	-0.020284	-0.608606	6.283335	0.003040	0.012739
257	0.057183	-0.347188	0.494760	0.002898	0.011804
258	0.041125	-0.654730	2.199725	0.002401	0.011096
259	0.267545	-0.537648	1.404046	0.003618	0.011971
260	-0.104151	-0.527309	1.499470	0.003334	0.012683
261	0.088314	-0.486861	5.143975	0.003622	0.011330
262	0.132904	-0.548519	4.026023	0.002963	0.009852
263	0.337248	-0.561777	-0.550956	0.003124	0.011379
264	0.072705	-0.434882	-2.373975	0.002990	0.009580
265	-0.037446	-0.559560	0.414459	0.003134	0.012658
266	0.383810	-0.718741	6.113912	0.003643	0.013133
267	0.072309	-0.448468	2.181087	0.002911	0.011883
268	0.200043	-0.627747	2.912555	0.003249	0.009686
269	0.024913	-0.711155	6.607053	0.003125	0.012622
270	0.124714	-0.665929	8.285303	0.003997	0.011010
271	-0.060653	-0.530673	2.033958	0.003558	0.010286
272	0.075371	-0.383199	3.354515	0.003038	0.010135
273	0.202426	-0.699073	3.724634	0.003523	0.011151
274	0.159151	-0.564129	4.535225	0.003466	0.009988
275	0.108573	-0.728160	0.858680	0.003478	0.009874
276	0.034698	-0.594251	4.231826	0.002348	0.008512
277	-0.075289	-0.511499	3.533023	0.003377	0.010471
278	0.067830	-0.541352	2.216377	0.003508	0.008715
279	0.166821	-0.666474	2.958402	0.003382	0.007671
280	0.149132	-0.699554	0.796964	0.003659	0.008875
281	0.000311	-0.534920	3.970807	0.003351	0.009769
282	0.170951	-0.418322	0.956540	0.003354	0.009356
283	0.072538	-0.593838	-1.390786	0.003509	0.009847
284	0.062944	-0.371253	3.055592	0.003799	0.010241
285	0.018527	-0.479449	3.275413	0.003193	0.012411
286	0.244322	-0.532942	3.503156	0.002838	0.010765
287	0.077940	-0.555839	2.744671	0.002503	0.011491
288	0.177099	-0.476659	2.427799	0.003158	0.012344
289	0.243555	-0.439998	2.190030	0.003669	0.011684
290	0.206534	-0.474793	6.896325	0.003182	0.011649
291	0.167776	-0.621525	0.166720	0.003667	0.011193
292	0.143670	-0.605533	4.830666	0.002982	0.011724
293	0.091620	-0.631138	4.555991	0.003410	0.011087
294	0.151589	-0.420365	-2.181442	0.003048	0.010841
295	0.195638	-0.446247	7.345022	0.003307	0.010109
296	0.124636	-0.326332	9.262604	0.003103	0.010902
297	-0.028282	-0.495781	1.399828	0.002938	0.010110
298	0.235317	-0.535262	1.595683	0.003761	0.015955
299	0.185942	-0.658218	1.761748	0.003197	0.010054
300	0.065300	-0.514292	2.680082	0.003529	0.008929
301	0.167899	-0.505225	10.262083	0.003954	0.013175
302	0.021880	-0.532695	0.529198	0.003158	0.012156
303	0.147797	-0.652661	5.157308	0.003201	0.009843
304	0.060148	-0.666840	2.177956	0.003199	0.012578
305	0.078520	-0.555629	3.056961	0.003326	0.008027
306	0.153934	-0.545914	-3.132886	0.003425	0.011284
307	0.055120	-0.578984	-1.256076	0.003642	0.009246
308	0.218379	-0.264351	-0.407137	0.003411	0.009217
309	0.262509	-0.570075	-1.791141	0.003606	0.009576
310	0.069209	-0.505665	2.881419	0.002726	0.011259
311	0.018898	-0.808880	-0.195644	0.003277	0.009009
312	0.139709	-0.605898	-0.984597	0.002897	0.009743
313	0.069738	-0.471984	4.557690	0.002986	0.011611
314	0.284630	-0.431772	4.158914	0.003072	0.010462
315	0.046998	-0.502444	2.448623	0.002738	0.010800
316	0.125107	-0.828383	-0.205437	0.003068	0.011826
317	0.142514	-0.425468	2.149632	0.003309	0.010900
318	-0.040997	-0.443613	1.214269	0.003097	0.010139
319	-0.100236	-0.525430	5.080640	0.003686	0.009508
320	0.118637	-0.506758	3.489560	0.003239	0.010568
321	0.055701	-0.574549	3.371276	0.003437	0.009795
322	0.207848	-0.516295	-2.896252	0.003553	0.010195
323	-0.062089	-0.596612	0.199596	0.003179	0.009150
324	0.124626	-0.644710	-1.007769	0.003023	0.011018
325	0.124170	-0.630386	3.562148	0.004089	0.010434
326	0.132958	-0.522179	3.930314	0.002502	0.010475
327	0.148850	-0.511044	-1.455985	0.002988	0.011340
328	0.007501	-0.433909	1.532383	0.003841	0.012921
329	0.052837	-0.608447	4.429097	0.003205	0.010562
330	0.055433	-0.530323	6.213696	0.003746	0.007506
331	0.158406	-0.266722	1.222689	0.003452	0.013048
332	0.184316	-0.867292	3.062476	0.003392	0.009938
333	0.049601	-0.702977	4.893917	0.003706	0.011650
334	-0.005030	-0.484617	1.493790	0.003126	0.011675
335	0.034844	-0.748177	-2.916169	0.002859	0.009041
336	-0.168743	-0.616919	0.932256	0.002687	0.009216
337	0.197821	-0.520782	4.028762	0.003329	0.010854
338	0.027247	-0.435124	2.197320	0.003980	0.009838
339	0.129218	-0.686306	3.123393	0.003405	0.009918
340	0.086746	-0.615869	0.345466	0.003427	0.008411
341	0.138875	-0.638465	1.782221	0.003676	0.013070
342	0.102638	-0.679539	3.390859	0.003816	0.008777
343	0.004613	-0.419896	1.611151	0.003084	0.012060
344	0.060746	-0.373188	4.698395	0.004074	0.009258
345	0.241008	-0.540707	-1.656910	0.002911	0.012039
346	0.169670	-0.499081	0.027762	0.003533	0.012311
347	0.366617	-0.657828	1.251190	0.003259	0.010672
348	0.177413	-0.495516	1.352299	0.003782	0.010283
349	0.169912	-0.453512	1.734600	0.002964	0.009796
350	0.281746	-0.412012	3.031949	0.003248	0.011771
351	0.204359	-0.673403	0.601638	0.003238	0.010918
352	0.037864	-0.525280	5.440686	0.003185	0.009715
353	-0.009625	-0.555681	3.775262	0.002960	0.012648
354	-0.103395	-0.417383	3.116318	0.003103	0.010751
355	-0.008985	-0.614772	2.913754	0.002999	0.013029
356	0.002915	-0.593345	1.927400	0.003186	0.010950
357	-0.091789	-0.667572	-1.920412	0.003098	0.009577
358	-0.008528	-0.220043	-2.950893	0.003207	0.011236
359	0.057990	-0.745119	3.371917	0.003370	0.011785
360	0.049374	-0.375856	3.292751	0.003224	0.013347
361	-0.011858	-0.491607	1.932162	0.003302	0.008276
362	0.132827	-0.602072	8.017569	0.003327	0.011845
363	0.298724	-0.499606	6.944768	0.002571	0.010383
364	0.228442	-0.763326	1.314907	0.002992	0.013903
365	-0.087160	-0.398997	4.442110	0.002864	0.011859
366	0.271014	-0.857942	2.808389	0.002638	0.012923
367	0.004741	-0.688129	0.753443	0.003321	0.012471
368	-0.037547	-0.552392	1.598774	0.003203	0.010959
369	0.065746	-0.344470	3.104172	0.003556	0.013021
370	-0.030862	-0.524231	7.038663	0.004162	0.009824
371	0.132705	-0.620589	-2.149800	0.003317	0.011028
372	0.125554	-0.536903	0.767106	0.003628	0.008488
373	0.186477	-0.267752	3.767847	0.003646	0.010513
374	0.254822	-0.735443	8.178453	0.003634	0.010291
375	0.256736	-0.483036	2.674071	0.003234	0.011292
376	0.151988	-0.553118	-1.806501	0.003136	0.008971
377	-0.088626	-0.716595	3.192817	0.003795	0.012104
378	0.070142	-0.675087	0.808556	0.003117	0.011471
379	0.058695	-0.340289	5.207043	0.003571	0.012869
380	0.371638	-0.585758	0.003332	0.003326	0.010535
381	0.308306	-0.633880	-0.628305	0.003102	0.010608
382	-0.013299	-0.603354	2.269478	0.003067	0.009108
383	0.141396	-0.606263	2.327399	0.003592	0.008650
384	0.185887	-0.903059	-1.073250	0.003529	0.010594
385	0.044663	-0.451301	-2.436906	0.003084	0.010349
386	0.122875	-0.460058	2.258946	0.003044	0.010475
387	-0.007162	-0.359924	3.588353	0.002853	0.010712
388	0.013781	-0.652629	-5.143805	0.003023	0.014118
389	0.056176	-0.433349	2.412441	0.002444	0.010856
390	0.157446	-0.535919	3.547646	0.003220	0.009581
391	0.161816	-0.310833	1.104394	0.003678	0.009956
392	-0.026872	-0.494741	3.658375	0.003051	0.011559
393	0.202503	-0.428092	4.731806	0.003478	0.012395
394	0.302527	-0.683382	-0.578063	0.003353	0.010175
395	0.104494	-0.510968	3.656114	0.002758	0.010696
396	0.155480	-0.739632	6.851515	0.003540	0.012242
397	0.196100	-0.564311	0.865909	0.003454	0.011556
398	0.087540	-0.743934	0.783924	0.003219	0.010340
399	-0.008684	-0.561491	3.893806	0.003907	0.012953
400	0.162175	-0.690064	6.231457	0.003652	0.012341
401	0.016218	-0.448195	4.933776	0.003365	0.013434
402	0.169885	-0.603524	1.331222	0.003122	0.011590
403	0.071525	-0.382343	3.160877	0.003690	0.009493
404	0.142387	-0.500969	2.166827	0.003569	0.010187
405	0.087123	-0.572623	3.556377	0.003121	0.010595
406	-0.102242	-0.674637	-0.206246	0.003563	0.010086
407	0.138374	-0.744940	-1.554170	0.003388	0.009680
408	0.348385	-0.458649	4.360575	0.003844	0.010625
409	0.149864	-0.658935	6.166104	0.003777	0.011323
410	-0.086104	-0.246818	3.800920	0.003118	0.012967
411	0.085274	-0.694429	5.870370	0.003332	0.011036
412	0.249514	-0.482089	4.946330	0.002508	0.011188
413	-0.017994	-0.442373	2.694639	0.003190	0.010870
414	0.005800	-0.353841	0.887807	0.003171	0.009822
415	0.053453	-0.632751	-0.071762	0.003592	0.007547
416	-0.029765	-0.571675	6.986832	0.003393	0.011926
417	0.214460	-0.514573	1.979751	0.003111	0.009371
418	0.102916	-0.755610	0.707161	0.003339	0.009658
419	-0.110255	-0.325545	0.363462	0.003365	0.009962
420	0.209407	-0.595034	5.162525	0.003407	0.010385
421	0.129078	-0.623798	-2.115691	0.002758	0.008191
422	0.232776	-0.476070	3.579063	0.003058	0.013281
423	0.050759	-0.465970	0.180303	0.002953	0.009132
424	0.156843	-0.634029	3.177696	0.003512	0.010968
425	0.061215	-0.658251	-2.712395	0.003507	0.009392
426	0.106870	-0.476781	4.027817	0.002964	0.014213
427	-0.007607	-0.608755	3.614731	0.002703	0.011147
428	-0.086660	-0.432637	-1.489825	0.003254	0.010363
429	0.211126	-0.596364	-4.827357	0.003132	0.011518
430	0.264351	-0.412764	5.265634	0.004186	0.011501
431	0.119956	-0.434579	-1.255855	0.003836	0.010161
432	-0.034718	-0.788274	3.706630	0.003220	0.011826
433	0.197930	-0.673683	-5.102861	0.003049	0.010939
434	0.041915	-0.580860	4.143941	0.002687	0.010217
435	0.175046	-0.507217	1.976325	0.003217	0.009934
436	0.045902	-0.321367	2.458686	0.003217	0.009001
437	0.087603	-0.523228	9.861086	0.003719	0.012469
438	0.058512	-0.532333	3.064761	0.003555	0.011802
439	0.063356	-0.368239	8.474053	0.003115	0.008028
440	-0.000203	-0.813626	2.645031	0.003194	0.010145
441	0.053045	-0.674893	2.591114	0.002966	0.010168
442	0.063812	-0.465137	-1.776612	0.003909	0.009602
443	-0.035497	-0.617917	6.219817	0.003490	0.011560
444	0.426220	-0.485484	-0.131753	0.003310	0.007246
445	0.167993	-0.466977	6.240118	0.003385	0.009920
446	-0.023315	-0.649422	3.136484	0.003120	0.010440
447	0.185122	-0.533610	1.594862	0.003174	0.011034
448	-0.069442	-0.396297	2.707091	0.002922	0.014253
449	0.216637	-0.502197	6.330338	0.004041	0.011552
450	0.046984	-0.699362	-0.800858	0.003388	0.010043
451	0.200460	-0.594567	3.986028	0.003626	0.011733
452	-0.108236	-0.457741	4.183194	0.003433	0.013746
453	0.126957	-0.358698	4.221052	0.002758	0.010930
454	0.084516	-0.633560	3.428586	0.003102	0.012601
455	0.154482	-0.617253	5.758853	0.003190	0.008727
456	0.245819	-0.538529	6.226467	0.003516	0.010358
457	0.137749	-0.424475	5.916418	0.003250	0.008980
458	-0.021895	-0.480647	7.637175	0.003173	0.010367
459	-0.045076	-0.607184	0.802621	0.003656	0.011341
460	0.209898	-0.486326	3.450187	0.003312	0.009403
461	0.096524	-0.405656	1.029364	0.003671	0.011875
462	0.072927	-0.322041	1.725985	0.003590	0.010139
463	0.046776	-0.729651	-0.099505	0.002928	0.011667
464	0.092369	-0.533537	2.780036	0.003153	0.009986
465	0.026218	-0.538792	0.672913	0.003424	0.011689
466	0.232557	-0.650575	2.578595	0.003143	0.008766
467	0.125911	-0.769179	3.756475	0.003284	0.010799
468	0.284210	-0.628244	-1.190485	0.002830	0.009918
469	0.100225	-0.670140	6.449575	0.003243	0.012195
470	0.055047	-0.515931	2.028490	0.003553	0.012999
471	0.132246	-0.615937	4.734466	0.003082	0.010681
472	0.169162	-0.759999	3.534784	0.003421	0.012360
473	0.083747	-0.452639	1.349342	0.002826	0.010876
474	0.159800	-0.527805	6.058496	0.003010	0.012369
475	-0.111493	-0.517321	6.027474	0.003147	0.011453
476	0.120366	-0.520775	4.264988	0.002678	0.009807
477	0.079561	-0.397195	2.103000	0.003291	0.012030
478	-0.002206	-0.637460	3.350366	0.003748	0.010110
479	0.277001	-0.546563	2.027466	0.003631	0.012422
480	0.093308	-0.651178	2.816400	0.002556	0.013195
481	-0.008331	-0.546987	6.500504	0.003514	0.009979
482	0.166747	-0.380835	3.384898	0.003662	0.010342
483	0.003513	-0.846561	2.638570	0.003513	0.013027
484	0.124139	-0.636780	4.373038	0.003092	0.010694
485	0.064193	-0.683149	4.298110	0.003012	0.011513
486	0.204173	-0.555239	2.172116	0.003733	0.012820
487	-0.002333	-0.544040	2.841252	0.003216	0.011764
488	0.315266	-0.458480	1.313352	0.003660	0.009449
489	0.027728	-0.539832	7.973687	0.002964	0.011721
490	0.127661	-0.448112	3.797992	0.003061	0.011716
491	0.181711	-0.419288	1.015905	0.003629	0.011375
492	0.043687	-0.482971	4.064649	0.003899	0.011269
493	0.164157	-0.627125	-0.687327	0.003416	0.010967
494	0.269884	-0.672684	1.779785	0.003405	0.011152
495	-0.122657	-0.504638	3.546819	0.003372	0.007126
496	0.165964	-0.706062	-1.535289	0.003551	0.011716
497	0.227887	-0.658307	4.280445	0.003919	0.012052
498	0.132891	-0.565655	6.115817	0.003736	0.009721
499	0.008929	-0.750331	5.395857	0.003296	0.010555
500	0.114987	-0.420014	-0.293235	0.003539	0.009574
Training finished at 2026-02-20 02:49:38
